U(t) is: 
0
0.0
0.012890625
0.064453125
0.064453125
0.103125
0.116015625
0.141796875
0.18046874999999998
0.193359375
0.21914062499999998
0.270703125
0.28359375
0.29648437499999997
0.33515625
0.348046875
0.399609375
0.38671875
0.4125
0.451171875
0.4640625
0.502734375
0.5285156249999999
0.54140625
0.554296875
0.5929687499999999
0.605859375
0.631640625
0.64453125
0.69609375
0.708984375
0.708984375
0.734765625
0.760546875
0.760546875
0.7863281249999999
0.8121093749999999
0.837890625
0.863671875
0.863671875
0.90234375
0.9152343749999999
0.9152343749999999
0.9410156249999999
0.95390625
0.9796874999999999
0.992578125
1.018359375
1.03125
1.044140625
1.069921875
1.095703125
1.095703125
1.1214843749999999
1.147265625
1.147265625
1.1859374999999999
1.1859374999999999
1.224609375
1.224609375
1.2374999999999998
1.26328125
1.276171875
1.2890625
1.3148437499999999
1.3148437499999999
1.327734375
1.353515625
1.3664062499999998
1.3921875
1.41796875
1.41796875
1.4308593749999998
1.4308593749999998
1.456640625
1.482421875
1.482421875
1.52109375
1.5082031249999999
1.52109375
1.546875
1.546875
1.5726562499999999
1.585546875
1.585546875
1.6242187499999998
1.6371093749999999
1.6371093749999999
1.662890625
1.67578125
1.67578125
1.6886718749999998
1.7015624999999999
1.714453125
1.740234375
1.72734375
1.740234375
1.740234375
1.77890625
1.77890625
1.8046875
1.8046875
1.8175781249999998
1.8304687499999999
1.8304687499999999
1.843359375
1.843359375
1.8820312499999998
1.8949218749999999
1.8949218749999999
1.8949218749999999
1.9078125
1.920703125
1.93359375
1.9464843749999998
1.9464843749999998
1.972265625
1.98515625
1.98515625
1.998046875
1.998046875
2.023828125
2.023828125
2.023828125
2.0496093749999997
2.0625
2.075390625
2.075390625
2.101171875
2.08828125
2.101171875
2.126953125
2.13984375
2.152734375
2.126953125
2.152734375
2.165625
2.152734375
2.1785156249999997
2.1785156249999997
2.19140625
2.204296875
2.230078125
2.230078125
2.204296875
2.2171875
2.230078125
2.255859375
2.26875
2.26875
2.255859375
2.281640625
2.281640625
2.29453125
2.29453125
2.3074218749999997
2.3074218749999997
2.333203125
2.3074218749999997
2.34609375
2.333203125
2.333203125
2.358984375
2.3718749999999997
2.358984375
2.3718749999999997
2.384765625
2.39765625
2.39765625
2.410546875
2.410546875
2.4234375
2.4363281249999997
2.4234375
2.4363281249999997
2.462109375
2.44921875
2.44921875
2.462109375
2.462109375
2.4749999999999996
2.487890625
2.5007812499999997
2.5007812499999997
2.513671875
2.513671875
2.513671875
2.5394531249999996
2.5265625
2.5265625
2.55234375
2.5652343749999997
2.55234375
2.5394531249999996
2.578125
2.5652343749999997
2.591015625
2.5652343749999997
2.591015625
2.6039062499999996
2.591015625
2.591015625
2.6039062499999996
2.616796875
2.6296874999999997
2.616796875
2.6296874999999997
2.642578125
2.642578125
2.65546875
2.642578125
2.642578125
2.642578125
2.65546875
2.642578125
2.65546875
2.6683593749999996
2.6683593749999996
2.6683593749999996
2.68125
2.70703125
2.6941406249999997
2.70703125
2.70703125
2.719921875
2.719921875
2.719921875
2.7328124999999996
2.719921875
2.745703125
2.719921875
2.745703125
2.7585937499999997
2.7585937499999997
2.745703125
2.7585937499999997
2.745703125
2.7585937499999997
2.7585937499999997
2.784375
2.771484375
2.771484375
2.7972656249999996
2.784375
2.771484375
2.7972656249999996
2.7972656249999996
2.81015625
2.81015625
2.7972656249999996
2.8230468749999997
2.8230468749999997
2.81015625
2.8230468749999997
2.8359375
2.8230468749999997
2.8230468749999997
2.8359375
2.8230468749999997
2.8359375
2.848828125
2.848828125
2.8359375
2.8617187499999996
2.848828125
2.848828125
2.848828125
2.8617187499999996
2.874609375
2.874609375
2.874609375
2.8874999999999997
2.874609375
2.8874999999999997
2.8874999999999997
2.874609375
2.900390625
2.874609375
2.874609375
2.91328125
2.900390625
2.91328125
2.91328125
2.900390625
2.9261718749999996
2.9261718749999996
2.900390625
2.9261718749999996
2.91328125
2.9261718749999996
2.9261718749999996
2.9261718749999996
2.9390625
2.9390625
2.9390625
2.9390625
2.9390625
2.9261718749999996
2.9390625
2.9390625
2.9519531249999997
2.96484375
2.9519531249999997
2.9519531249999997
2.9519531249999997
2.9519531249999997
2.9519531249999997
2.96484375
2.96484375
2.96484375
2.9906249999999996
2.977734375
2.9519531249999997
2.977734375
2.977734375
2.977734375
2.9906249999999996
2.9906249999999996
2.977734375
3.003515625
3.003515625
2.9906249999999996
2.9906249999999996
2.9906249999999996
2.977734375
3.003515625
2.9906249999999996
3.003515625
3.0164062499999997
3.003515625
3.003515625
3.0164062499999997
3.0164062499999997
3.003515625
3.0164062499999997
3.003515625
3.029296875
3.029296875
3.0421875
3.029296875
3.029296875
3.0421875
3.029296875
3.029296875
3.029296875
3.029296875
3.029296875
3.0421875
3.06796875
3.029296875
3.0550781249999996
3.0550781249999996
3.0550781249999996
3.029296875
3.06796875
3.0550781249999996
3.0550781249999996
3.0421875
3.0550781249999996
3.06796875
3.0808593749999997
3.0808593749999997
3.0550781249999996
3.0550781249999996
3.0808593749999997
3.06796875
3.06796875
3.06796875
3.06796875
3.06796875
3.0808593749999997
3.06796875
3.0808593749999997
3.06796875
3.06796875
3.0808593749999997
3.06796875
3.0808593749999997
3.0808593749999997
3.0808593749999997
3.0808593749999997
3.09375
3.0808593749999997
3.0808593749999997
3.0808593749999997
3.0808593749999997
3.0808593749999997
3.09375
3.09375
3.106640625
3.09375
3.106640625
3.106640625
3.106640625
3.106640625
3.1195312499999996
3.106640625
3.106640625
3.1195312499999996
3.106640625
3.09375
3.1195312499999996
3.106640625
3.1195312499999996
3.106640625
3.09375
3.1195312499999996
3.106640625
3.106640625
3.1195312499999996
3.1195312499999996
3.132421875
3.106640625
3.1195312499999996
3.1195312499999996
3.132421875
3.1195312499999996
3.106640625
3.132421875
3.1195312499999996
3.1453124999999997
3.132421875
3.132421875
3.1195312499999996
3.1453124999999997
3.1453124999999997
3.132421875
3.132421875
3.1453124999999997
3.1453124999999997
3.1453124999999997
3.132421875
3.1453124999999997
3.158203125
3.1453124999999997
3.1453124999999997
3.132421875
3.1453124999999997
3.132421875
3.132421875
3.132421875
3.1453124999999997
3.132421875
3.1453124999999997
3.158203125
3.132421875
3.1453124999999997
3.17109375
3.1453124999999997
3.17109375
3.132421875
3.132421875
3.1453124999999997
3.1453124999999997
3.17109375
3.17109375
3.17109375
3.158203125
3.17109375
3.17109375
3.17109375
3.17109375
3.17109375
3.17109375
3.17109375
3.158203125
3.17109375
3.17109375
3.158203125
3.158203125
3.158203125
3.158203125
3.17109375
3.1839843749999996
3.17109375
3.17109375
3.158203125
3.17109375
3.158203125
3.158203125
3.17109375
3.17109375
3.17109375
3.1839843749999996
3.196875
3.1839843749999996
3.17109375
3.1839843749999996
3.17109375
3.158203125
3.1839843749999996
3.17109375
3.196875
3.158203125
3.17109375
3.1839843749999996
3.196875
3.1839843749999996
3.17109375
3.1839843749999996
3.196875
3.1839843749999996
3.17109375
3.1839843749999996
3.17109375
3.2097656249999997
3.1839843749999996
3.196875
3.196875
3.196875
3.1839843749999996
3.196875
3.196875
3.1839843749999996
3.1839843749999996
3.1839843749999996
3.196875
3.1839843749999996
3.1839843749999996
3.196875
3.196875
3.1839843749999996
3.1839843749999996
3.1839843749999996
3.1839843749999996
3.196875
3.196875
3.1839843749999996
3.1839843749999996
3.196875
3.1839843749999996
3.196875
3.196875
3.2097656249999997
3.196875
3.196875
3.2097656249999997
3.196875
3.196875
3.1839843749999996
3.196875
3.2097656249999997
3.196875
3.196875
3.22265625
3.2097656249999997
3.196875
3.196875
3.196875
3.196875
3.2097656249999997
3.22265625
3.196875
3.2097656249999997
3.2097656249999997
3.2097656249999997
3.22265625
3.2097656249999997
3.196875
3.196875
3.2097656249999997
3.196875
3.2097656249999997
3.22265625
3.2097656249999997
3.22265625
3.2097656249999997
3.2097656249999997
3.22265625
3.2097656249999997
3.2097656249999997
3.196875
3.2097656249999997
3.22265625
3.22265625
3.196875
3.22265625
3.2097656249999997
3.2097656249999997
3.2097656249999997
3.22265625
3.22265625
3.2097656249999997
3.2097656249999997
3.22265625
3.2097656249999997
3.2097656249999997
3.235546875
3.196875
3.2097656249999997
3.22265625
3.22265625
3.22265625
3.22265625
3.2097656249999997
3.196875
3.22265625
3.22265625
3.2097656249999997
3.22265625
3.2097656249999997
3.22265625
3.22265625
3.235546875
3.22265625
3.22265625
3.2097656249999997
3.22265625
3.235546875
3.235546875
3.22265625
3.235546875
3.2097656249999997
3.22265625
3.2097656249999997
3.2097656249999997
3.2097656249999997
3.22265625
3.2097656249999997
3.2097656249999997
3.22265625
3.2097656249999997
3.2097656249999997
3.22265625
3.235546875
3.22265625
3.2097656249999997
3.2097656249999997
3.22265625
3.22265625
3.22265625
3.235546875
3.22265625
3.2097656249999997
3.2097656249999997
3.22265625
3.22265625
3.235546875
3.235546875
3.22265625
3.2097656249999997
3.2097656249999997
3.22265625
3.22265625
3.235546875
3.22265625
3.22265625
3.22265625
3.22265625
3.2097656249999997
3.22265625
3.2097656249999997
3.22265625
3.22265625
3.2097656249999997
3.2097656249999997
3.2097656249999997
3.2097656249999997
3.2097656249999997
3.2097656249999997
3.2097656249999997
3.235546875
3.22265625
3.22265625
3.2097656249999997
3.22265625
3.2097656249999997
3.2097656249999997
3.22265625
3.22265625
3.2097656249999997
3.22265625
3.22265625
3.2097656249999997
3.235546875
3.235546875
3.235546875
3.2097656249999997
3.2097656249999997
3.22265625
3.22265625
3.22265625
3.22265625
3.22265625
3.2097656249999997
3.2097656249999997
3.2097656249999997
3.2097656249999997
3.235546875
3.22265625
3.235546875
3.235546875
3.2097656249999997
3.22265625
3.2097656249999997
3.22265625
3.2484374999999996
3.235546875
3.2097656249999997
3.22265625
3.235546875
3.235546875
3.22265625
3.2484374999999996
3.22265625
3.22265625
3.22265625
3.235546875
3.22265625
3.235546875
3.235546875
3.22265625
3.22265625
3.235546875
3.235546875
3.22265625
3.2484374999999996
3.2484374999999996
3.22265625
3.235546875
3.22265625
3.2484374999999996
3.235546875
3.2484374999999996
3.235546875
3.235546875
3.235546875
3.235546875
3.235546875
3.2484374999999996
3.22265625
3.2484374999999996
3.22265625
3.235546875
3.22265625
3.22265625
3.235546875
3.2484374999999996
3.22265625
3.2484374999999996
3.22265625
3.2484374999999996
3.235546875
3.22265625
3.2484374999999996
3.235546875
3.2484374999999996
3.235546875
3.235546875
3.22265625
3.2097656249999997
3.235546875
3.22265625
3.235546875
3.2484374999999996
3.2484374999999996
3.22265625
3.235546875
3.235546875
3.235546875
3.22265625
3.235546875
3.235546875
3.235546875
3.22265625
3.235546875
3.22265625
3.2484374999999996
3.22265625
3.235546875
3.2484374999999996
3.2484374999999996
3.22265625
3.235546875
3.22265625
3.235546875
3.2484374999999996
3.235546875
3.22265625
3.22265625
3.22265625
3.235546875
3.22265625
3.235546875
3.22265625
3.235546875
3.235546875
3.235546875
3.235546875
3.2484374999999996
3.235546875
3.235546875
3.2484374999999996
3.235546875
3.261328125
3.235546875
3.2097656249999997
3.196875
3.158203125
3.1453124999999997
3.1195312499999996
3.0808593749999997
3.0550781249999996
3.0421875
3.0164062499999997
2.977734375
2.9519531249999997
2.9390625
2.91328125
2.8874999999999997
2.848828125
2.8359375
2.8359375
2.81015625
2.771484375
2.7585937499999997
2.7328124999999996
2.70703125
2.6941406249999997
2.68125
2.65546875
2.6296874999999997
2.6039062499999996
2.6039062499999996
2.5652343749999997
2.5394531249999996
2.5265625
2.5007812499999997
2.5007812499999997
2.4749999999999996
2.4749999999999996
2.4234375
2.4234375
2.3718749999999997
2.3718749999999997
2.358984375
2.333203125
2.3203125
2.281640625
2.281640625
2.255859375
2.2429687499999997
2.2171875
2.204296875
2.19140625
2.152734375
2.165625
2.13984375
2.1140624999999997
2.101171875
2.08828125
2.08828125
2.0625
2.023828125
2.0109375
1.998046875
1.998046875
1.9593749999999999
1.9593749999999999
1.9464843749999998
1.920703125
1.8820312499999998
1.9078125
1.869140625
1.85625
1.85625
1.843359375
1.8046875
1.791796875
1.77890625
1.77890625
1.7660156249999999
1.7531249999999998
1.7531249999999998
1.72734375
1.7015624999999999
1.67578125
1.67578125
1.662890625
1.65
1.662890625
1.6242187499999998
1.611328125
1.5984375
1.5726562499999999
1.5726562499999999
1.5597656249999998
1.546875
1.546875
1.5082031249999999
1.52109375
1.4953124999999998
1.482421875
1.482421875
1.456640625
1.4437499999999999
1.4437499999999999
1.4308593749999998
1.4308593749999998
1.41796875
1.3921875
1.3921875
1.3921875
1.3664062499999998
1.3664062499999998
1.340625
1.327734375
1.327734375
1.2890625
1.2890625
1.276171875
1.276171875
1.276171875
1.2503906249999999
1.26328125
1.2374999999999998
1.2374999999999998
1.21171875
1.21171875
1.198828125
1.1859374999999999
1.16015625
1.173046875
1.147265625
1.16015625
1.147265625
1.134375
1.134375
1.1214843749999999
1.10859375
1.095703125
1.095703125
1.069921875
1.0570312499999999
1.069921875
1.0570312499999999
1.0570312499999999
1.03125
1.03125
1.018359375
1.018359375
1.03125
1.00546875
0.992578125
0.9796874999999999
0.9796874999999999
0.9796874999999999
0.95390625
0.966796875
0.9410156249999999
0.9410156249999999
0.9410156249999999
0.90234375
0.9152343749999999
0.9152343749999999
0.9152343749999999
0.9152343749999999
0.90234375
0.90234375
0.863671875
0.863671875
0.863671875
0.863671875
0.837890625
0.837890625
0.8507812499999999
0.825
0.825
0.825
0.8121093749999999
0.8121093749999999
0.79921875
0.7863281249999999
0.7863281249999999
0.7734375
0.760546875
0.7476562499999999
0.760546875
0.734765625
0.760546875
0.7476562499999999
0.7476562499999999
0.734765625
0.7218749999999999
0.708984375
0.7218749999999999
0.7218749999999999
0.7218749999999999
0.69609375
0.708984375
0.6832031249999999
0.6703125
0.6703125
0.6703125
0.6703125
0.6703125
0.6703125
0.6703125
0.631640625
0.64453125
0.631640625
0.631640625
0.631640625
0.6187499999999999
0.6187499999999999
0.6187499999999999
0.605859375
0.6187499999999999
0.5929687499999999
0.5929687499999999
0.580078125
0.5929687499999999
0.5929687499999999
0.580078125
0.554296875
0.554296875
0.5671875
0.5671875
0.554296875
0.554296875
0.54140625
0.554296875
0.5285156249999999
0.515625
0.5285156249999999
0.5285156249999999
0.5285156249999999
0.515625
0.515625
0.515625
0.48984374999999997
0.48984374999999997
0.502734375
0.502734375
0.476953125
0.502734375
0.48984374999999997
0.48984374999999997
0.476953125
0.4640625
0.476953125
0.4640625
0.4640625
0.43828124999999996
0.4640625
0.451171875
0.451171875
0.43828124999999996
0.451171875
0.43828124999999996
0.43828124999999996
0.42539062499999997
0.399609375
0.4125
0.42539062499999997
0.42539062499999997
0.42539062499999997
0.4125
0.399609375
0.4125
0.399609375
0.4125
0.38671875
0.399609375
0.399609375
0.38671875
0.38671875
0.38671875
0.37382812499999996
0.38671875
0.37382812499999996
0.37382812499999996
0.36093749999999997
0.37382812499999996
0.37382812499999996
0.348046875
0.36093749999999997
0.348046875
0.36093749999999997
0.348046875
0.36093749999999997
0.33515625
0.33515625
0.348046875
0.33515625
0.322265625
0.33515625
0.322265625
0.322265625
0.322265625
0.33515625
0.322265625
0.30937499999999996
0.322265625
0.29648437499999997
0.29648437499999997
0.29648437499999997
0.30937499999999996
0.30937499999999996
0.29648437499999997
0.28359375
0.30937499999999996
0.29648437499999997
0.28359375
0.28359375
0.270703125
0.28359375
0.28359375
0.2578125
0.28359375
0.270703125
0.2578125
0.2578125
0.2578125
0.2578125
0.270703125
0.2578125
0.24492187499999998
0.270703125
0.2578125
0.2578125
0.2578125
0.23203125
0.24492187499999998
0.2578125
0.24492187499999998
0.24492187499999998
0.23203125
0.23203125
0.23203125
0.23203125
0.23203125
0.23203125
0.21914062499999998
0.24492187499999998
0.23203125
0.21914062499999998
0.21914062499999998
0.23203125
0.21914062499999998
0.20625
0.21914062499999998
0.193359375
0.193359375
0.20625
0.193359375
0.193359375
0.193359375
0.193359375
0.193359375
0.20625
0.193359375
0.193359375
0.193359375
0.193359375
0.20625
0.193359375
0.18046874999999998
0.18046874999999998
0.193359375
0.20625
0.193359375
0.193359375
0.193359375
0.18046874999999998
0.18046874999999998
0.18046874999999998
0.167578125
0.18046874999999998
0.167578125
0.18046874999999998
0.167578125
0.167578125
0.167578125
0.15468749999999998
0.167578125
0.167578125
0.141796875
0.15468749999999998
0.167578125
0.167578125
0.167578125
0.167578125
0.167578125
0.141796875
0.141796875
0.167578125
0.15468749999999998
0.141796875
0.15468749999999998
0.15468749999999998
0.141796875
0.141796875
0.141796875
0.12890625
0.141796875
0.12890625
0.12890625
0.141796875
0.116015625
0.141796875
0.141796875
0.12890625
0.12890625
0.141796875
0.12890625
0.12890625
0.116015625
0.12890625
0.116015625
0.12890625
0.12890625
0.116015625
0.12890625
0.12890625
0.12890625
0.12890625
0.116015625
0.09023437499999999
0.12890625
0.09023437499999999
0.103125
0.116015625
0.116015625
0.12890625
0.103125
0.116015625
0.12890625
0.116015625
0.103125
0.116015625
0.116015625
0.12890625
0.103125
0.103125
0.09023437499999999
0.103125
0.09023437499999999
0.116015625
0.103125
0.116015625
0.103125
0.103125
0.116015625
0.103125
0.103125
0.09023437499999999
0.09023437499999999
0.103125
0.09023437499999999
0.103125
0.07734374999999999
0.103125
0.103125
0.09023437499999999
0.103125
0.09023437499999999
0.103125
0.09023437499999999
0.07734374999999999
0.09023437499999999
0.09023437499999999
0.07734374999999999
0.07734374999999999
0.07734374999999999
0.103125
0.07734374999999999
0.064453125
0.09023437499999999
0.064453125
0.103125
0.07734374999999999
0.064453125
0.064453125
0.064453125
0.09023437499999999
0.09023437499999999
0.07734374999999999
0.07734374999999999
0.064453125
0.064453125
0.064453125
0.064453125
0.07734374999999999
0.0515625
0.07734374999999999
0.064453125
0.064453125
0.064453125
0.064453125
0.064453125
0.064453125
0.064453125
0.0515625
0.07734374999999999
0.07734374999999999
0.07734374999999999
0.0515625
0.064453125
0.064453125
0.064453125
0.038671874999999994
0.0515625
0.038671874999999994
0.0515625
0.0515625
0.0515625
0.064453125
0.0515625
0.07734374999999999
0.064453125
0.07734374999999999
0.0515625
0.038671874999999994
0.064453125
0.0515625
0.064453125
0.064453125
0.07734374999999999
0.0515625
0.064453125
0.064453125
0.0515625
0.064453125
0.064453125
0.0515625
0.0515625
0.064453125
0.038671874999999994
0.0515625
0.064453125
0.0515625
0.038671874999999994
0.0515625
0.0515625
0.038671874999999994
0.038671874999999994
0.0515625
0.038671874999999994
0.064453125
0.0515625
0.0515625
0.0515625
0.0515625
0.064453125
0.064453125
0.064453125
0.0515625
0.038671874999999994
0.038671874999999994
0.02578125
0.038671874999999994
0.038671874999999994
0.038671874999999994
0.0515625
0.02578125
0.038671874999999994
0.038671874999999994
0.038671874999999994
0.0515625
0.0515625
0.0515625
0.038671874999999994
0.02578125
0.038671874999999994
0.038671874999999994
0.0515625
0.012890625
0.0515625
0.0515625
0.0515625
0.038671874999999994
0.0515625
0.038671874999999994
0.038671874999999994
0.02578125
0.038671874999999994
0.038671874999999994
0.02578125
0.02578125
0.038671874999999994
0.02578125
0.02578125
0.0515625
0.038671874999999994
0.0515625
0.038671874999999994
0.0515625
0.038671874999999994
0.02578125
0.038671874999999994
0.02578125
0.02578125
0.02578125
0.02578125
0.02578125
0.012890625
0.02578125
0.038671874999999994
0.02578125
0.038671874999999994
0.02578125
0.02578125
0.02578125
0.02578125
0.012890625
0.038671874999999994
0.02578125
0.012890625
0.038671874999999994
0.02578125
0.012890625
0.02578125
0.02578125
0.038671874999999994
0.02578125
0.02578125
0.038671874999999994
0.038671874999999994
0.02578125
0.02578125
0.012890625
0.02578125
0.02578125
0.02578125
0.02578125
0.012890625
0.012890625
0.0